0 9 3
1 9 3
2 9 3
3 9 3
4 9 3
5 9 3
6 9 3
7 9 3
8 9 3
9 9 3
10 9 3
11 9 3
12 9 3
13 9 3
14 9 3
15 9 3
15 10 3
15 11 3
15 12 3
14 12 3
13 12 3
13 13 3
13 14 3
13 15 3
14 15 3
15 15 3
16 15 3
17 15 3
18 15 3
18 14 3
18 13 3
18 12 3
18 11 3
18 10 3
18 9 3
19 9 3
20 9 3
21 9 3
22 9 3
23 9 3
24 9 3
25 9 3
26 9 3
27 9 3
28 9 3
29 9 3
30 9 3
31 9 3
32 9 3
33 9 3
-1
20 8 2
4 10 2
-1
250 10 0 10 1 m 0
250 10 0 10 1 m 300
250 10 0 10 1 m 300
-1
150 40 0 20 1 m 0
150 40 0 20 1 m 500
-1
250 20 1 15 1 m 0
250 20 1 15 1 m 200
250 20 1 15 1 m 200
-1
150 60 2 25 1 m 0
150 60 2 25 1 m 450
-1
250 40 1 20 1 m 0
250 40 1 20 1 m 150
250 40 1 20 1 m 150
-1
150 100 2 35 1 m 0
150 100 2 35 1 m 400
-1